0 313 280 593 474
1 313 280 593 474
2 313 280 593 474
3 313 280 593 474
4 313 280 593 474
5 313 280 593 474
6 313 280 593 474
7 313 280 593 474
8 313 280 593 474
9 313 280 593 474
10 313 280 593 474
11 313 280 593 474
12 313 280 593 474
13 313 280 593 474
14 313 280 593 474
15 313 280 593 474
16 313 280 593 474
17 313 280 593 474
18 313 280 593 474
19 313 280 593 474
20 313 280 593 474
21 313 280 593 474
22 313 280 593 474
23 313 280 593 474
24 313 280 593 474
25 313 280 593 474
26 313 280 593 474
27 313 280 593 474
28 313 280 593 474
29 313 280 593 474
30 313 280 593 474
31 313 280 593 474
32 313 280 593 474
33 313 280 593 474
34 313 280 593 474
35 313 280 593 474
36 313 280 593 474
37 313 280 593 474
38 313 280 593 474
39 313 280 593 474
40 313 280 593 474
41 313 280 593 474
42 313 280 593 474
43 313 280 593 474
44 313 280 593 474
45 313 280 593 474
46 313 280 593 474
47 313 280 593 474
48 313 280 593 474
49 313 280 593 474
50 313 280 593 474
51 313 280 593 474
52 313 280 593 474
53 313 280 593 474
54 313 280 593 474
55 313 280 593 474
56 313 280 593 474
57 313 280 593 474
58 313 280 593 474
59 313 280 593 474
60 313 280 593 474
61 313 280 593 474
62 313 280 593 474
63 313 280 593 474
64 313 280 593 474
65 313 280 593 474
66 313 280 593 474
67 313 280 593 474
68 313 280 593 474
69 313 280 593 474
70 313 280 593 474
71 313 280 593 474
72 313 280 593 474
73 313 280 593 474
74 313 280 593 474
75 313 280 593 474
76 313 280 593 474
77 313 280 593 474
78 313 280 593 474
79 313 280 593 474
80 313 280 593 474
81 313 280 593 474
82 313 280 593 474
83 313 280 593 474
84 313 280 593 474
85 313 280 593 474
86 313 280 593 474
87 313 280 593 474
88 313 280 593 474
89 313 280 593 474
90 313 280 593 474
91 313 280 593 474
92 313 280 593 474
93 313 280 593 474
94 313 280 593 474
95 313 280 593 474
96 313 280 593 474
97 313 280 593 474
98 313 280 593 474
99 313 280 593 474
100 313 280 593 474
101 313 280 593 474
102 313 280 593 474
103 313 280 593 474
104 313 280 593 474
105 313 280 593 474
106 313 280 593 474
107 313 280 593 474
108 313 280 593 474
109 313 280 593 474
110 313 280 593 474
111 313 280 593 474
112 313 280 593 474
113 313 280 593 474
114 313 280 593 474
115 313 280 593 474
116 313 280 593 474
117 313 280 593 474
118 313 280 593 474
119 313 280 593 474
120 313 280 593 474
121 313 280 593 474
122 313 280 593 474
123 313 280 593 474
124 313 280 593 474
125 313 280 593 474
126 313 280 593 474
127 313 280 593 474
128 313 280 593 474
129 313 280 593 474
130 313 280 593 474
131 313 280 593 474
132 313 280 593 474
133 313 280 593 474
134 313 280 593 474
135 313 280 593 474
136 313 280 593 474
137 313 280 593 474
138 313 280 593 474
139 313 280 593 474
140 313 280 593 474
141 313 280 593 474
142 313 280 593 474
143 313 280 593 474
144 313 280 593 474
145 313 280 593 474
146 313 280 593 474
147 313 280 593 474
148 313 280 593 474
149 313 280 593 474
150 313 280 593 474
151 313 280 593 474
152 313 280 593 474
153 313 280 593 474
154 313 280 593 474
155 313 280 593 474
156 313 280 593 474
157 313 280 593 474
158 313 280 593 474
159 313 280 593 474
160 313 280 593 474
161 313 280 593 474
162 313 280 593 474
163 313 280 593 474
164 313 280 593 474
165 313 280 593 474
166 313 280 593 474
167 313 280 593 474
168 313 280 593 474
169 313 280 593 474
170 313 280 593 474
171 313 280 593 474
172 313 280 593 474
173 313 280 593 474
174 313 280 593 474
175 313 280 593 474
176 313 280 593 474
177 313 280 593 474
178 313 280 593 474
179 313 280 593 474
180 313 280 593 474
181 313 280 593 474
182 313 280 593 474
183 313 280 593 474
184 313 280 593 474
185 313 280 593 474
186 313 280 593 474
187 313 280 593 474
188 313 280 593 474
189 313 280 593 474
190 313 280 593 474
191 313 280 593 474
192 313 280 593 474
193 313 280 593 474
194 313 280 593 474
195 313 280 593 474
196 313 280 593 474
197 313 280 593 474
198 313 280 593 474
199 313 280 593 474
200 313 280 593 474
201 313 280 593 474
202 313 280 593 474
203 313 280 593 474
204 313 280 593 474
205 313 280 593 474
206 313 280 593 474
207 313 280 593 474
208 313 280 593 474
209 313 280 593 474
210 313 280 593 474
211 313 280 593 474
212 313 280 593 474
213 313 280 593 474
214 313 280 593 474
215 313 280 593 474
216 313 280 593 474
217 313 280 593 474
218 313 280 593 474
219 313 280 593 474
220 313 280 593 474
221 313 280 593 474
222 313 280 593 474
223 313 280 593 474
224 313 280 593 474
225 313 280 593 474
226 313 280 593 474
227 313 280 593 474
228 313 280 593 474
229 313 280 593 474
230 313 280 593 474
231 313 280 593 474
232 313 280 593 474
233 313 280 593 474
234 313 280 593 474
235 313 280 593 474
236 313 280 593 474
237 313 280 593 474
238 313 280 593 474
239 313 280 593 474
240 313 280 593 474
241 313 280 593 474
242 313 280 593 474
243 313 280 593 474
244 313 280 593 474
245 313 280 593 474
246 313 280 593 474
247 313 280 593 474
248 313 280 593 474
249 313 280 593 474
250 313 280 593 474
251 313 280 593 474
252 313 280 593 474
253 313 280 593 474
254 313 280 593 474
255 313 280 593 474
256 313 280 593 474
257 313 280 593 474
258 313 280 593 474
259 313 280 593 474
260 313 280 593 474
261 313 280 593 474
262 313 280 593 474
263 313 280 593 474
264 313 280 593 474
265 313 280 593 474
266 313 280 593 474
267 313 280 593 474
268 313 280 593 474
269 313 280 593 474
270 313 280 593 474
271 313 280 593 474
272 313 280 593 474
273 313 280 593 474
274 313 280 593 474
275 313 280 593 474
276 313 280 593 474
277 313 280 593 474
278 313 280 593 474
279 313 280 593 474
280 313 280 593 474
281 313 280 593 474
282 313 280 593 474
283 313 280 593 474
284 313 280 593 474
285 313 280 593 474
286 313 280 593 474
287 313 280 593 474
288 313 280 593 474
289 313 280 593 474
290 313 280 593 474
291 313 280 593 474
292 313 280 593 474
293 313 280 593 474
294 313 280 593 474
295 313 280 593 474
296 313 280 593 474
297 313 280 593 474
298 313 280 593 474
299 313 280 593 474
300 313 280 593 474
301 313 280 593 474
302 313 280 593 474
303 313 280 593 474
304 313 280 593 474
305 313 280 593 474
306 313 280 593 474
307 313 280 593 474
308 313 280 593 474
309 313 280 593 474
310 313 280 593 474
311 313 280 593 474
312 313 280 593 474
313 313 280 593 474
314 313 280 593 474
315 313 280 593 474
316 313 280 593 474
317 313 280 593 474
318 313 280 593 474
319 313 280 593 474
320 313 280 593 474
321 313 280 593 474
322 313 280 593 474
323 313 280 593 474
324 313 280 593 474
325 313 280 593 474
326 313 280 593 474
327 313 280 593 474
328 313 280 593 474
329 313 280 593 474
330 313 280 593 474
331 313 280 593 474
332 313 280 593 474
333 313 280 593 474
334 313 280 593 474
335 313 280 593 474
336 313 280 593 474
337 313 280 593 474
338 313 280 593 474
339 313 280 593 474
340 313 280 593 474
341 313 280 593 474
342 313 280 593 474
343 313 280 593 474
344 313 280 593 474
345 313 280 593 474
346 313 280 593 474
347 313 280 593 474
348 313 280 593 474
349 313 280 593 474
350 313 280 593 474
351 313 280 593 474
352 313 280 593 474
353 313 280 593 474
354 313 280 593 474
355 313 280 593 474
356 313 280 593 474
357 313 280 593 474
358 313 280 593 474
359 313 280 593 474
360 313 280 593 474
361 313 280 593 474
362 313 280 593 474
363 313 280 593 474
364 313 280 593 474
365 313 280 593 474
366 313 280 593 474
367 313 280 593 474
368 313 280 593 474
369 313 280 593 474
370 313 280 593 474
371 313 280 593 474
372 313 280 593 474
373 313 280 593 474
374 313 280 593 474
375 313 280 593 474
376 313 280 593 474
377 313 280 593 474
378 313 280 593 474
379 313 280 593 474
380 313 280 593 474
381 313 280 593 474
382 313 280 593 474
383 313 280 593 474
384 313 280 593 474
385 313 280 593 474
386 313 280 593 474
387 313 280 593 474
388 313 280 593 474
389 313 280 593 474
390 313 280 593 474
391 313 280 593 474
392 313 280 593 474
393 313 280 593 474
394 313 280 593 474
395 313 280 593 474
396 313 280 593 474
397 313 280 593 474
398 313 280 593 474
399 313 280 593 474
400 313 280 593 474
401 313 280 593 474
402 313 280 593 474
403 313 280 593 474
404 313 280 593 474
405 313 280 593 474
406 313 280 593 474
407 313 280 593 474
408 313 280 593 474
409 313 280 593 474
410 313 280 593 474
411 313 280 593 474
412 313 280 593 474
413 313 280 593 474
414 313 280 593 474
415 313 280 593 474
416 313 280 593 474
417 313 280 593 474
418 313 280 593 474
419 313 280 593 474
420 313 280 593 474
421 313 280 593 474
422 313 280 593 474
423 313 280 593 474
424 313 280 593 474
425 313 280 593 474
426 313 280 593 474
427 313 280 593 474
428 313 280 593 474
429 313 280 593 474
430 313 280 593 474
431 313 280 593 474
432 313 280 593 474
433 313 280 593 474
434 313 280 593 474
435 313 280 593 474
436 313 280 593 474
437 313 280 593 474
438 313 280 593 474
439 313 280 593 474
440 313 280 593 474
441 313 280 593 474
442 313 280 593 474
443 313 280 593 474
444 313 280 593 474
445 313 280 593 474
446 313 280 593 474
447 313 280 593 474
448 313 280 593 474
449 313 280 593 474
450 313 280 593 474
451 313 280 593 474
452 313 280 593 474
453 313 280 593 474
454 313 280 593 474
455 313 280 593 474
456 313 280 593 474
457 313 280 593 474
458 313 280 593 474
459 313 280 593 474
460 313 280 593 474
461 313 280 593 474
462 313 280 593 474
463 313 280 593 474
464 313 280 593 474
465 313 280 593 474
466 313 280 593 474
467 313 280 593 474
468 313 280 593 474
469 313 280 593 474
470 313 280 593 474
471 313 280 593 474
472 313 280 593 474
473 313 280 593 474
474 313 280 593 474
475 313 280 593 474
476 313 280 593 474
477 313 280 593 474
478 313 280 593 474
479 313 280 593 474
480 313 280 593 474
481 313 280 593 474
482 313 280 593 474
483 313 280 593 474
484 313 280 593 474
485 313 280 593 474
486 313 280 593 474
487 313 280 593 474
488 313 280 593 474
489 313 280 593 474
490 313 280 593 474
491 313 280 593 474
492 313 280 593 474
493 313 280 593 474
494 313 280 593 474
495 313 280 593 474
496 313 280 593 474
497 313 280 593 474
498 313 280 593 474
499 313 280 593 474
500 313 280 593 474
501 313 280 593 474
502 313 280 593 474
503 313 280 593 474
504 313 280 593 474
505 313 280 593 474
506 313 280 593 474
507 313 280 593 474
508 313 280 593 474
509 313 280 593 474
510 313 280 593 474
511 313 280 593 474
512 313 280 593 474
513 313 280 593 474
514 313 280 593 474
515 313 280 593 474
516 313 280 593 474
517 313 280 593 474
518 313 280 593 474
519 313 280 593 474
520 313 280 593 474
521 313 280 593 474
522 313 280 593 474
523 313 280 593 474
524 313 280 593 474
525 313 280 593 474
526 313 280 593 474
527 313 280 593 474
528 313 280 593 474
529 313 280 593 474
530 313 280 593 474
531 313 280 593 474
532 313 280 593 474
533 313 280 593 474
534 313 280 593 474
535 313 280 593 474
536 313 280 593 474
537 313 280 593 474
538 313 280 593 474
539 313 280 593 474
540 313 280 593 474
541 313 280 593 474
542 313 280 593 474
543 313 280 593 474
544 313 280 593 474
545 313 280 593 474
546 313 280 593 474
547 313 280 593 474
548 313 280 593 474
549 313 280 593 474
550 313 280 593 474
551 313 280 593 474
552 313 280 593 474
553 313 280 593 474
554 313 280 593 474
555 313 280 593 474
556 313 280 593 474
557 313 280 593 474
558 313 280 593 474
559 313 280 593 474
560 313 280 593 474
561 313 280 593 474
562 313 280 593 474
563 313 280 593 474
564 313 280 593 474
565 313 280 593 474
566 313 280 593 474
567 313 280 593 474
568 313 280 593 474
569 313 280 593 474
570 313 280 593 474
571 313 280 593 474
572 313 280 593 474
573 313 280 593 474
574 313 280 593 474
575 313 280 593 474
576 313 280 593 474
577 313 280 593 474
578 313 280 593 474
579 313 280 593 474
580 313 280 593 474
581 313 280 593 474
582 313 280 593 474
583 313 280 593 474
584 313 280 593 474
585 313 280 593 474
586 313 280 593 474
587 313 280 593 474
588 313 280 593 474
589 313 280 593 474
590 313 280 593 474
591 313 280 593 474
592 313 280 593 474
593 313 280 593 474
594 313 280 593 474
595 313 280 593 474
596 313 280 593 474
597 313 280 593 474
598 313 280 593 474
599 313 280 593 474
600 313 280 593 474
601 313 280 593 474
602 313 280 593 474
603 313 280 593 474
604 313 280 593 474
605 313 280 593 474
606 313 280 593 474
607 313 280 593 474
608 313 280 593 474
609 313 280 593 474
610 313 280 593 474
611 313 280 593 474
612 313 280 593 474
613 313 280 593 474
614 313 280 593 474
615 313 280 593 474
616 313 280 593 474
617 313 280 593 474
618 313 280 593 474
619 313 280 593 474
620 313 280 593 474
621 313 280 593 474
622 313 280 593 474
623 313 280 593 474
624 313 280 593 474
625 313 280 593 474
626 313 280 593 474
627 313 280 593 474
628 313 280 593 474
629 313 280 593 474
630 313 280 593 474
631 313 280 593 474
632 313 280 593 474
633 313 280 593 474
634 313 280 593 474
635 313 280 593 474
636 313 280 593 474
637 313 280 593 474
638 313 280 593 474
639 313 280 593 474
640 313 280 593 474
641 313 280 593 474
642 313 280 593 474
643 313 280 593 474
644 313 280 593 474
645 313 280 593 474
646 313 280 593 474
647 313 280 593 474
648 313 280 593 474
649 313 280 593 474
650 313 280 593 474
651 313 280 593 474
652 313 280 593 474
653 313 280 593 474
654 313 280 593 474
655 313 280 593 474
656 313 280 593 474
657 313 280 593 474
658 313 280 593 474
659 313 280 593 474
660 313 280 593 474
661 313 280 593 474
662 313 280 593 474
663 313 280 593 474
664 313 280 593 474
665 313 280 593 474
666 313 280 593 474
667 313 280 593 474
668 313 280 593 474
669 313 280 593 474
670 313 280 593 474
671 313 280 593 474
672 313 280 593 474
673 313 280 593 474
674 313 280 593 474
675 313 280 593 474
676 313 280 593 474
677 313 280 593 474
678 313 280 593 474
679 313 280 593 474
680 313 280 593 474
681 313 280 593 474
682 313 280 593 474
683 313 280 593 474
684 313 280 593 474
685 313 280 593 474
686 313 280 593 474
687 313 280 593 474
688 313 280 593 474
689 313 280 593 474
690 313 280 593 474
691 313 280 593 474
692 313 280 593 474
693 313 280 593 474
694 313 280 593 474
695 313 280 593 474
696 313 280 593 474
697 313 280 593 474
698 313 280 593 474
699 313 280 593 474
700 313 280 593 474
701 313 280 593 474
702 313 280 593 474
703 313 280 593 474
704 313 280 593 474
705 313 280 593 474
706 313 280 593 474
707 313 280 593 474
708 313 280 593 474
709 313 280 593 474
710 313 280 593 474
711 313 280 593 474
712 313 280 593 474
713 313 280 593 474
714 313 280 593 474
715 313 280 593 474
716 313 280 593 474
717 313 280 593 474
718 313 280 593 474
719 313 280 593 474
720 313 280 593 474
721 313 280 593 474
722 313 280 593 474
723 313 280 593 474
724 313 280 593 474
725 313 280 593 474
726 313 280 593 474
727 313 280 593 474
728 313 280 593 474
729 313 280 593 474
730 313 280 593 474
731 313 280 593 474
732 313 280 593 474
733 313 280 593 474
734 313 280 593 474
735 313 280 593 474
736 313 280 593 474
737 313 280 593 474
738 313 280 593 474
739 313 280 593 474
740 313 280 593 474
741 313 280 593 474
742 313 280 593 474
743 313 280 593 474
744 313 280 593 474
745 313 280 593 474
746 313 280 593 474
747 313 280 593 474
748 313 280 593 474
749 313 280 593 474
750 313 280 593 474
751 313 280 593 474
752 313 280 593 474
753 313 280 593 474
754 313 280 593 474
755 313 280 593 474
756 313 280 593 474
757 313 280 593 474
758 313 280 593 474
759 313 280 593 474
760 313 280 593 474
761 313 280 593 474
762 313 280 593 474
763 313 280 593 474
764 313 280 593 474
765 313 280 593 474
766 313 280 593 474
767 313 280 593 474
768 313 280 593 474
769 313 280 593 474
770 313 280 593 474
771 313 280 593 474
772 313 280 593 474
773 313 280 593 474
774 313 280 593 474
775 313 280 593 474
776 313 280 593 474
777 313 280 593 474
778 313 280 593 474
779 313 280 593 474
780 313 280 593 474
781 313 280 593 474
782 313 280 593 474
783 313 280 593 474
784 313 280 593 474
785 313 280 593 474
786 313 280 593 474
787 313 280 593 474
788 313 280 593 474
789 313 280 593 474
790 313 280 593 474
791 313 280 593 474
792 313 280 593 474
793 313 280 593 474
794 313 280 593 474
795 313 280 593 474
796 313 280 593 474
797 313 280 593 474
798 313 280 593 474
799 313 280 593 474
800 313 280 593 474
801 313 280 593 474
802 313 280 593 474
803 313 280 593 474
804 313 280 593 474
805 313 280 593 474
806 313 280 593 474
807 313 280 593 474
808 313 280 593 474
809 313 280 593 474
810 313 280 593 474
811 313 280 593 474
812 313 280 593 474
813 313 280 593 474
814 313 280 593 474
815 313 280 593 474
816 313 280 593 474
817 313 280 593 474
818 313 280 593 474
819 313 280 593 474
820 313 280 593 474
821 313 280 593 474
822 313 280 593 474
823 313 280 593 474
824 313 280 593 474
825 313 280 593 474
826 313 280 593 474
827 313 280 593 474
828 313 280 593 474
829 313 280 593 474
830 313 280 593 474
831 313 280 593 474
832 313 280 593 474
833 313 280 593 474
834 313 280 593 474
835 313 280 593 474
836 313 280 593 474
837 313 280 593 474
838 313 280 593 474
839 313 280 593 474
840 313 280 593 474
841 313 280 593 474
842 313 280 593 474
843 313 280 593 474
844 313 280 593 474
845 313 280 593 474
846 313 280 593 474
847 313 280 593 474
848 313 280 593 474
849 313 280 593 474
850 313 280 593 474
851 313 280 593 474
852 313 280 593 474
853 313 280 593 474
854 313 280 593 474
855 313 280 593 474
856 313 280 593 474
857 313 280 593 474
858 313 280 593 474
859 313 280 593 474
860 313 280 593 474
861 313 280 593 474
862 313 280 593 474
863 313 280 593 474
864 313 280 593 474
865 313 280 593 474
866 313 280 593 474
867 313 280 593 474
868 313 280 593 474
869 313 280 593 474
870 313 280 593 474
871 313 280 593 474
872 313 280 593 474
873 313 280 593 474
874 313 280 593 474
875 313 280 593 474
876 313 280 593 474
877 313 280 593 474
878 313 280 593 474
879 313 280 593 474
880 313 280 593 474
881 313 280 593 474
882 313 280 593 474
883 313 280 593 474
884 313 280 593 474
885 313 280 593 474
886 313 280 593 474
887 313 280 593 474
888 313 280 593 474
889 313 280 593 474
890 313 280 593 474
891 313 280 593 474
892 313 280 593 474
893 313 280 593 474
894 313 280 593 474
895 313 280 593 474
896 313 280 593 474
897 313 280 593 474
898 313 280 593 474
899 313 280 593 474
900 313 280 593 474
901 313 280 593 474
902 313 280 593 474
903 313 280 593 474
904 313 280 593 474
905 313 280 593 474
906 313 280 593 474
907 313 280 593 474
908 313 280 593 474
909 313 280 593 474
910 313 280 593 474
911 313 280 593 474
912 313 280 593 474
913 313 280 593 474
914 313 280 593 474
915 313 280 593 474
916 313 280 593 474
917 313 280 593 474
918 313 280 593 474
919 313 280 593 474
920 313 280 593 474
921 313 280 593 474
922 313 280 593 474
923 313 280 593 474
924 313 280 593 474
925 313 280 593 474
926 313 280 593 474
927 313 280 593 474
928 313 280 593 474
929 313 280 593 474
930 313 280 593 474
931 313 280 593 474
932 313 280 593 474
933 313 280 593 474
934 313 280 593 474
935 313 280 593 474
936 313 280 593 474
937 313 280 593 474
938 313 280 593 474
939 313 280 593 474
940 313 280 593 474
941 313 280 593 474
942 313 280 593 474
943 313 280 593 474
944 313 280 593 474
945 313 280 593 474
946 313 280 593 474
947 313 280 593 474
948 313 280 593 474
949 313 280 593 474
950 313 280 593 474
