1 0.07069052419354839 0.6624663978494624 0.06930443548387097 0.09845430107526883
1 0.32421875 0.47513440860215056 0.02595766129032258 0.03763440860215054
1 0.36328125 0.5122647849462366 0.03150201612903226 0.049395161290322585
1 0.4339717741935484 0.6167674731182796 0.05040322580645161 0.082997311827957
1 0.583039314516129 0.684475806451613 0.06376008064516128 0.10819892473118281
0 0.22719254032258063 0.5668682795698925 0.04410282258064516 0.06787634408602151
0 0.7391633064516129 0.4919354838709678 0.046370967741935484 0.06787634408602151
2 0.5675403225806451 0.5031922043010754 0.031754032258064516 0.046706989247311835
2 0.6050907258064516 0.5754368279569892 0.04536290322580645 0.0715725806451613
2 0.9376260080645161 0.6485215053763441 0.0733366935483871 0.0974462365591398
