1 0.18510584677419353 0.4712701612903226 0.02948588709677419 0.03998655913978495
1 0.22694052419354838 0.5102486559139785 0.03553427419354838 0.052083333333333336
1 0.29838709677419356 0.6189516129032259 0.053931451612903226 0.08602150537634409
1 0.44896673387096775 0.6814516129032259 0.06224798387096774 0.10954301075268819
1 0.9085181451612903 0.45833333333333337 0.046370967741935484 0.06182795698924732
0 0.0690524193548387 0.5705645161290323 0.05141129032258064 0.07325268817204302
0 0.6038306451612903 0.4884072580645162 0.04284274193548387 0.06552419354838711
2 0.4407762096774193 0.5 0.03225806451612903 0.047715053763440866
2 0.4749243951612903 0.571236559139785 0.04410282258064516 0.06989247311827958
2 0.7772177419354839 0.6339045698924731 0.06300403225806452 0.09106182795698925
