0 0.7881433823529411 0.5892565359477124 0.09099264705882353 0.17116013071895425
0 0.8261335784313726 0.33333333333333337 0.047487745098039214 0.07761437908496732
0 0.517156862745098 0.27818627450980393 0.028186274509803922 0.05065359477124183
1 0.4806985294117647 0.31290849673202614 0.04044117647058824 0.06454248366013073
2 0.4330575980392157 0.39583333333333337 0.05606617647058824 0.09313725490196079
0 0.34221813725490197 0.2824754901960784 0.03431372549019608 0.05024509803921569
1 0.32215073529411764 0.26633986928104575 0.022977941176470586 0.04656862745098039
1 0.22411151960784315 0.27308006535947715 0.02665441176470588 0.05024509803921569
0 0.31556372549019607 0.8278186274509804 0.15073529411764705 0.25040849673202614
1 0.07092524509803921 0.5257352941176471 0.08670343137254902 0.14215686274509803
1 0.13020833333333334 0.2506127450980392 0.026348039215686275 0.04044117647058824
2 0.05698529411764706 0.27675653594771243 0.03308823529411765 0.049428104575163404
1 0.06387867647058823 0.29125816993464054 0.030943627450980393 0.05473856209150327
