0 0.8488051470588235 0.8355800653594772 0.11979166666666667 0.18504901960784315
0 0.8265931372549019 0.5500408496732027 0.05759803921568627 0.08782679738562092
1 0.8512561274509803 0.43218954248366015 0.03462009803921569 0.05065359477124183
2 0.9231004901960784 0.3817401960784314 0.02144607843137255 0.0363562091503268
3 0.7403492647058824 0.4236111111111111 0.06096813725490196 0.12990196078431374
1 0.7394301470588235 0.3929738562091503 0.02542892156862745 0.035130718954248366
1 0.6689644607843137 0.4195261437908497 0.02665441176470588 0.04411764705882353
1 0.6199448529411765 0.39665032679738566 0.022365196078431373 0.03676470588235294
0 0.6194852941176471 0.5377859477124183 0.04840686274509804 0.07802287581699346
3 0.5 0.4021650326797386 0.04595588235294117 0.10825163398692811
0 0.45618872549019607 0.4959150326797386 0.042279411764705885 0.0661764705882353
1 0.36871936274509803 0.6558415032679739 0.06096813725490196 0.11887254901960785
2 0.32598039215686275 0.5194035947712419 0.04105392156862745 0.07393790849673203
