2 0.8970588235294118 0.5300245098039216 0.13602941176470587 0.18668300653594772
1 0.9707414215686274 0.38010620915032683 0.04381127450980392 0.06740196078431372
1 0.9208026960784313 0.36008986928104575 0.02971813725490196 0.04616013071895425
2 0.7974877450980392 0.36907679738562094 0.032475490196078434 0.05351307189542484
1 0.7737438725490196 0.3770424836601307 0.0389093137254902 0.057189542483660136
2 0.750765931372549 0.3604983660130719 0.030330882352941176 0.0428921568627451
3 0.5661764705882353 0.34946895424836605 0.0704656862745098 0.16053921568627452
1 0.5212928921568627 0.3613153594771242 0.02665441176470588 0.04044117647058824
1 0.4416360294117647 0.38071895424836605 0.035845588235294115 0.057189542483660136
1 0.4096200980392157 0.3602941176470588 0.025735294117647058 0.0392156862745098
1 0.2228860294117647 0.5053104575163399 0.11243872549019608 0.16258169934640523
0 0.2881433823529412 0.4274918300653595 0.05422794117647059 0.08946078431372549
1 0.3463541666666667 0.37030228758169936 0.03155637254901961 0.046977124183006536
3 0.23636642156862744 0.3480392156862745 0.0628063725490196 0.13970588235294118
3 0.17769607843137256 0.33905228758169936 0.05024509803921569 0.10702614379084968
