0 0.5615808823529411 0.9867238562091504 0.0392156862745098 0.026552287581699346
1 0.48268995098039214 0.7434640522875817 0.07751225490196079 0.12826797385620917
0 0.5300245098039216 0.5678104575163399 0.04595588235294117 0.07352941176470588
0 0.4770220588235294 0.49530228758169936 0.024509803921568627 0.04861111111111111
0 0.4641544117647059 0.5355392156862745 0.03982843137254902 0.057189542483660136
2 0.37254901960784315 0.4959150326797386 0.032475490196078434 0.04820261437908497
1 0.20588235294117646 0.5571895424836601 0.04350490196078431 0.06290849673202614
0 0.1256127450980392 0.6537990196078431 0.06311274509803921 0.08946078431372549
3 0.6568627450980392 0.4311683006535948 0.042279411764705885 0.09517973856209151
3 0.7389705882352942 0.4681372549019608 0.05392156862745098 0.12581699346405228
1 0.8193933823529411 0.46282679738562094 0.03216911764705882 0.04656862745098039
1 0.8705575980392156 0.43647875816993464 0.02849264705882353 0.039624183006535946
1 0.9416360294117647 0.4957107843137255 0.0389093137254902 0.05759803921568628
0 0.8466605392156863 0.5968137254901961 0.05606617647058824 0.08169934640522876
1 0.8929227941176471 0.7540849673202614 0.08792892156862744 0.13970588235294118
