3 0.9437806372549019 0.4603758169934641 0.0628063725490196 0.1388888888888889
3 0.8480392156862745 0.4170751633986928 0.04963235294117647 0.09967320261437909
0 0.7106311274509803 0.5555555555555556 0.049938725490196074 0.07598039215686275
0 0.6404718137254902 0.5189950980392157 0.040134803921568624 0.059232026143790854
0 0.6518075980392157 0.4789624183006536 0.02665441176470588 0.049428104575163404
2 0.5473345588235294 0.4763071895424837 0.03216911764705882 0.04738562091503268
1 0.3920036764705882 0.5290032679738562 0.03768382352941176 0.059640522875817
0 0.3232230392156863 0.6141748366013072 0.0545343137254902 0.0821078431372549
3 0.14598651960784315 0.5122549019607844 0.06832107843137254 0.14052287581699346
0 0.13939950980392157 0.7242647058823529 0.06862745098039216 0.11437908496732027
0 0.7578125 0.9869281045751634 0.04442401960784314 0.026143790849673203
