1 0.8854166666666666 0.7689950980392157 0.09313725490196079 0.1433823529411765
0 0.9465379901960784 0.5829248366013072 0.059742647058823525 0.08333333333333334
0 0.8645833333333334 0.5390114379084967 0.04840686274509804 0.06331699346405228
0 0.8794424019607843 0.4973447712418301 0.03216911764705882 0.051879084967320264
2 0.7601102941176471 0.4906045751633987 0.03615196078431372 0.049019607843137254
1 0.5966605392156863 0.5371732026143791 0.03768382352941176 0.059640522875817
0 0.5278799019607843 0.6180555555555556 0.051470588235294115 0.07924836601307189
3 0.3700980392156863 0.5106209150326797 0.05759803921568627 0.12826797385620917
0 0.36121323529411764 0.7056781045751634 0.058823529411764705 0.10253267973856209
0 0.17310049019607843 0.9242238562091504 0.09436274509803921 0.15155228758169936
