0 0.7245710784313726 0.6901552287581699 0.07965686274509803 0.11887254901960785
0 0.5525428921568627 0.590890522875817 0.048100490196078434 0.07883986928104575
1 0.639859068627451 0.5569852941176471 0.048100490196078434 0.07230392156862746
1 0.6064644607843137 0.4852941176470588 0.02849264705882353 0.04575163398692811
1 0.5199142156862745 0.5375816993464052 0.041666666666666664 0.06781045751633988
2 0.46629901960784315 0.47937091503267976 0.028799019607843136 0.0428921568627451
2 0.44224877450980393 0.5044934640522876 0.033394607843137254 0.05065359477124183
1 0.3851102941176471 0.5214460784313726 0.03860294117647059 0.05759803921568628
1 0.2647058823529412 0.4763071895424837 0.023284313725490197 0.040032679738562095
1 0.17754289215686275 0.47038398692810457 0.026041666666666668 0.037173202614379085
1 0.05361519607843137 0.4963235294117647 0.028186274509803922 0.04575163398692811
1 0.07169117647058823 0.5243055555555556 0.034926470588235295 0.0559640522875817
3 0.10585171568627451 0.5173611111111112 0.07567401960784313 0.15645424836601307
1 0.3521752450980392 0.735498366013072 0.078125 0.1352124183006536
