0 0.4457720588235294 0.8031045751633987 0.10416666666666667 0.18218954248366015
3 0.21951593137254902 0.28594771241830064 0.05177696078431372 0.11601307189542484
0 0.3707107843137255 0.30514705882352944 0.022058823529411763 0.03349673202614379
1 0.41222426470588236 0.3956290849673203 0.02665441176470588 0.037990196078431376
0 0.5798100490196079 0.4252450980392157 0.03155637254901961 0.04738562091503268
1 0.8079044117647058 0.3651960784313726 0.017769607843137254 0.03104575163398693
2 0.8316482843137255 0.39869281045751637 0.030943627450980393 0.04166666666666667
0 0.8981311274509803 0.5600490196078431 0.07077205882352941 0.09558823529411765
0 0.9405637254901961 0.4383169934640523 0.042279411764705885 0.05555555555555556
3 0.9765625 0.3539624183006536 0.043198529411764705 0.08292483660130719
