1 0.44347426470588236 0.40298202614379086 0.030330882352941176 0.04370915032679739
2 0.3471200980392157 0.38562091503267976 0.023284313725490197 0.0392156862745098
1 0.3017769607843137 0.45833333333333337 0.034926470588235295 0.06290849673202614
2 0.2691482843137255 0.4013480392156863 0.02665441176470588 0.04616013071895425
1 0.2498468137254902 0.4325980392156863 0.03462009803921569 0.05800653594771242
1 0.20481004901960784 0.36601307189542487 0.021752450980392156 0.035130718954248366
1 0.19301470588235295 0.40951797385620914 0.03125 0.04779411764705883
1 0.1556372549019608 0.3555964052287582 0.018995098039215685 0.03308823529411765
0 0.17310049019607843 0.4740604575163399 0.04963235294117647 0.06658496732026144
0 0.09558823529411764 0.5512663398692811 0.06004901960784314 0.09436274509803921
1 0.023590686274509803 0.3643790849673203 0.02696078431372549 0.03758169934640523
