3 0.7458639705882353 0.6603349673202614 0.15042892156862744 0.41135620915032683
2 0.6821384803921569 0.4554738562091503 0.05177696078431372 0.07924836601307189
0 0.727328431372549 0.3700980392156863 0.03431372549019608 0.049836601307189546
3 0.8733149509803921 0.21017156862745098 0.04381127450980392 0.0886437908496732
0 0.4252450980392157 0.4109477124183007 0.0392156862745098 0.05800653594771242
0 0.3938419117647059 0.32802287581699346 0.020526960784313725 0.03104575163398693
0 0.3607536764705882 0.3570261437908497 0.026041666666666668 0.03839869281045752
0 0.21246936274509803 0.5475898692810458 0.06219362745098039 0.10334967320261439
1 0.01807598039215686 0.49121732026143794 0.03553921568627451 0.0821078431372549
1 0.12055759803921569 0.346609477124183 0.02420343137254902 0.03553921568627451
2 0.04764093137254902 0.3396650326797386 0.024816176470588234 0.03227124183006536
