0 0.24142156862745098 0.8368055555555556 0.1090686274509804 0.17851307189542484
0 0.37193627450980393 0.45159313725490197 0.03676470588235294 0.05841503267973856
1 0.3975183823529412 0.366421568627451 0.023590686274509803 0.03839869281045752
2 0.42861519607843135 0.3431372549019608 0.018995098039215685 0.032679738562091505
1 0.48943014705882354 0.26695261437908496 0.009497549019607842 0.020016339869281047
0 0.3717830882352941 0.27512254901960786 0.011948529411764705 0.02165032679738562
0 0.2689950980392157 0.33353758169934644 0.01715686274509804 0.027369281045751634
3 0.09175857843137254 0.3547794117647059 0.03829656862745098 0.08455882352941177
2 0.109375 0.22140522875816995 0.012867647058823529 0.02369281045751634
1 0.022365196078431373 0.33415032679738566 0.014093137254901961 0.02369281045751634
0 0.6617647058823529 0.39665032679738566 0.03615196078431372 0.049019607843137254
0 0.4345894607843137 0.20261437908496732 0.012561274509803922 0.022058823529411766
