0 0.8815870098039216 0.3533496732026144 0.03216911764705882 0.05310457516339869
0 0.6341911764705882 0.4199346405228758 0.04105392156862745 0.06944444444444445
2 0.5154718137254902 0.31290849673202614 0.023590686274509803 0.03758169934640523
1 0.5188419117647058 0.33558006535947715 0.02420343137254902 0.042075163398692814
1 0.49846813725490197 0.24040032679738563 0.011029411764705881 0.02165032679738562
0 0.45526960784313725 0.1693218954248366 0.014093137254901961 0.024918300653594773
0 0.3763786764705882 0.24979575163398693 0.010723039215686275 0.02165032679738562
0 0.3083639705882353 0.309640522875817 0.01807598039215686 0.029411764705882353
1 0.27987132352941174 0.1801470588235294 0.013786764705882353 0.025326797385620915
3 0.1559436274509804 0.3327205882352941 0.04595588235294117 0.10008169934640523
1 0.09911151960784313 0.43423202614379086 0.04442401960784314 0.06535947712418301
2 0.10094975490196079 0.19035947712418302 0.017463235294117647 0.02696078431372549
1 0.004748774509803921 0.31699346405228757 0.008884803921568627 0.03022875816993464
0 0.20557598039215685 0.647671568627451 0.08394607843137254 0.13357843137254902
