1 0.5183823529411765 0.7775735294117647 0.12990196078431374 0.22998366013071897
3 0.328890931372549 0.39195261437908496 0.08792892156862744 0.23243464052287582
0 0.4810049019607843 0.3192401960784314 0.04044117647058824 0.0625
1 0.4554227941176471 0.23243464052287582 0.018688725490196078 0.03349673202614379
1 0.5235906862745098 0.2761437908496732 0.025122549019607844 0.04738562091503268
1 0.6272977941176471 0.238562091503268 0.024816176470588234 0.03839869281045752
3 0.5860906862745098 0.1919934640522876 0.028186274509803922 0.06781045751633988
2 0.47901348039215685 0.09660947712418301 0.013786764705882353 0.020016339869281047
2 0.8598345588235294 0.3627450980392157 0.05177696078431372 0.08333333333333334
0 0.8416053921568627 0.2832924836601307 0.03431372549019608 0.05514705882352941
0 0.9915747549019608 0.23243464052287582 0.01685049019607843 0.04330065359477124
1 0.860906862745098 0.1985294117647059 0.01715686274509804 0.03104575163398693
2 0.8394607843137255 0.18831699346405228 0.02022058823529412 0.028594771241830068
1 0.7780330882352942 0.14072712418300654 0.009497549019607842 0.01838235294117647
0 0.7552083333333334 0.07802287581699346 0.012254901960784314 0.0196078431372549
0 0.6708026960784313 0.14869281045751634 0.009497549019607842 0.0196078431372549
0 0.6504289215686274 0.18852124183006536 0.011642156862745098 0.023284313725490197
1 0.6112132352941176 0.08823529411764706 0.011029411764705881 0.021241830065359478
