1 0.7483149509803921 0.7591911764705883 0.11611519607843138 0.2218137254901961
1 0.4689031862745098 0.22589869281045752 0.014399509803921568 0.028594771241830068
1 0.28431372549019607 0.2863562091503268 0.02696078431372549 0.040032679738562095
1 0.2113970588235294 0.3382352941176471 0.03002450980392157 0.05065359477124183
1 0.06678921568627451 0.3084150326797386 0.02389705882352941 0.03839869281045752
3 0.1881127450980392 0.4916258169934641 0.11397058823529412 0.2879901960784314
0 0.21706495098039216 0.3852124183006536 0.048100490196078434 0.07026143790849673
0 0.2541360294117647 0.23937908496732027 0.012561274509803922 0.02369281045751634
0 0.25168504901960786 0.19812091503267976 0.009497549019607842 0.018790849673202614
3 0.20833333333333334 0.24734477124183007 0.03370098039215686 0.07393790849673203
2 0.027879901960784312 0.15870098039215685 0.016544117647058824 0.024918300653594773
2 0.4404105392156863 0.21793300653594772 0.017463235294117647 0.026552287581699346
0 0.5359987745098039 0.29187091503267976 0.030943627450980393 0.05106209150326797
0 0.6081495098039216 0.23447712418300654 0.024509803921568627 0.03758169934640523
0 0.703890931372549 0.20077614379084968 0.018688725490196078 0.030637254901960786
2 0.6253063725490196 0.35008169934640526 0.04840686274509804 0.07679738562091504
0 0.907781862745098 0.25469771241830064 0.03676470588235294 0.05841503267973856
1 0.18244485294117646 0.13991013071895425 0.014399509803921568 0.02246732026143791
1 0.3518688725490196 0.18361928104575165 0.008272058823529412 0.01838235294117647
0 0.32613357843137253 0.1235702614379085 0.012561274509803922 0.020016339869281047
