1 0.050551470588235295 0.8602941176470589 0.09436274509803921 0.13970588235294118
1 0.24050245098039216 0.6928104575163399 0.04840686274509804 0.08006535947712419
1 0.4209558823529412 0.7822712418300654 0.05698529411764706 0.11111111111111112
3 0.46568627450980393 0.6068218954248367 0.05330882352941176 0.14419934640522877
2 0.40839460784313725 0.576388888888889 0.027573529411764705 0.04084967320261438
0 0.36504289215686275 0.5933415032679739 0.029105392156862746 0.04616013071895425
3 0.3190870098039216 0.5273692810457516 0.03278186274509804 0.07026143790849673
1 0.2965686274509804 0.5633169934640523 0.02267156862745098 0.03676470588235294
0 0.23207720588235295 0.5902777777777778 0.02971813725490196 0.04411764705882353
3 0.1412377450980392 0.6045751633986929 0.0661764705882353 0.1380718954248366
0 0.1525735294117647 0.5629084967320261 0.023284313725490197 0.035130718954248366
0 0.08915441176470588 0.5876225490196079 0.031862745098039214 0.044526143790849675
0 0.0742953431372549 0.5594362745098039 0.020526960784313725 0.03390522875816994
1 0.057904411764705885 0.6184640522875817 0.03615196078431372 0.05392156862745098
