0 0.7069546568627451 0.647671568627451 0.07996323529411764 0.13031045751633988
0 0.9790134803921569 0.37459150326797386 0.03829656862745098 0.05065359477124183
1 0.7126225490196079 0.3368055555555556 0.02144607843137255 0.037173202614379085
2 0.6521139705882353 0.32250816993464054 0.021139705882352942 0.030637254901960786
1 0.5556066176470588 0.41013071895424835 0.03216911764705882 0.05310457516339869
1 0.5494791666666666 0.5018382352941176 0.04871323529411765 0.08047385620915033
3 0.40793504901960786 0.34211601307189543 0.03829656862745098 0.08782679738562092
0 0.4252450980392157 0.3292483660130719 0.015931372549019607 0.02777777777777778
0 0.39537377450980393 0.27941176470588236 0.01133578431372549 0.02042483660130719
1 0.33762254901960786 0.21241830065359477 0.013480392156862746 0.024509803921568627
1 0.26731004901960786 0.4115604575163399 0.02849264705882353 0.04861111111111111
