3 0.9040178571428571 0.904647435897436 0.06299603174603174 0.19070512820512822
0 0.7105654761904762 0.6669337606837608 0.0560515873015873 0.1436965811965812
0 0.6315724206349206 0.43723290598290604 0.037450396825396824 0.09027777777777779
0 0.5806051587301587 0.34401709401709407 0.022817460317460316 0.06623931623931624
0 0.5648561507936508 0.2799145299145299 0.020089285714285712 0.054487179487179495
0 0.5425347222222222 0.23263888888888892 0.018601190476190476 0.043269230769230775
0 0.5301339285714285 0.20833333333333334 0.014632936507936508 0.03632478632478633
0 0.5240575396825397 0.18162393162393164 0.009424603174603174 0.030982905982905987
1 0.3880208333333333 0.18322649572649574 0.013144841269841268 0.02991452991452992
1 0.20870535714285712 0.4412393162393163 0.033482142857142856 0.09081196581196582
1 0.2664930555555555 0.343215811965812 0.024553571428571428 0.06997863247863248
1 0.3160962301587301 0.280982905982906 0.022569444444444444 0.05662393162393163
1 0.3421378968253968 0.23157051282051283 0.018601190476190476 0.043269230769230775
1 0.37016369047619047 0.20833333333333334 0.014632936507936508 0.03632478632478633
1 0.03757440476190476 0.6968482905982907 0.057291666666666664 0.15972222222222224
