0 0.5923859126984127 0.84241452991453 0.07316468253968253 0.2104700854700855
1 0.673611111111111 0.5510149572649573 0.05505952380952381 0.1469017094017094
1 0.7554563492063492 0.36084401709401714 0.03869047619047619 0.093482905982906
0 0.583829365079365 0.2764423076923077 0.026785714285714284 0.07318376068376069
0 0.5777529761904762 0.21127136752136755 0.01810515873015873 0.05502136752136753
0 0.4964037698412698 0.18776709401709404 0.01909722222222222 0.050747863247863255
1 0.46664186507936506 0.2323717948717949 0.02058531746031746 0.061965811965811975
1 0.416046626984127 0.1842948717948718 0.02058531746031746 0.050213675213675216
1 0.3624751984126984 0.31436965811965817 0.02901785714285714 0.08279914529914531
1 0.306671626984127 0.21447649572649574 0.024553571428571428 0.06036324786324787
0 0.30431547619047616 0.41479700854700857 0.04513888888888889 0.10844017094017096
