0 0.8380350194552529 0.5945121951219513 0.05739299610894942 0.14634146341463417
1 0.7886673151750972 0.45630081300813014 0.04815175097276265 0.11788617886178863
3 0.6933365758754864 0.2540650406504065 0.04717898832684825 0.1829268292682927
0 0.6094357976653697 0.695630081300813 0.06712062256809338 0.1676829268292683
0 0.5279669260700389 0.29014227642276424 0.025778210116731516 0.0741869918699187
1 0.5350194552529183 0.3399390243902439 0.03501945525291829 0.08231707317073171
1 0.43117704280155644 0.4476626016260163 0.035505836575875485 0.11077235772357724
1 0.1877431906614786 0.3404471544715448 0.032101167315175094 0.07723577235772358
0 0.1622081712062257 0.5127032520325204 0.05009727626459144 0.125
0 0.05690661478599222 0.3074186991869919 0.027237354085603113 0.07825203252032521
