1 0.03722426470588235 0.05131578947368421 0.033394607843137254 0.07105263157894737
1 0.03216911764705882 0.10559210526315789 0.0428921568627451 0.09407894736842105
0 0.13924632352941177 0.008223684210526315 0.019301470588235295 0.015131578947368421
0 0.18872549019607843 0.02236842105263158 0.026348039215686275 0.04078947368421053
0 0.2424938725490196 0.02894736842105263 0.02542892156862745 0.05263157894736842
1 0.2979473039215686 0.08552631578947369 0.029105392156862746 0.08421052631578947
0 0.3515625 0.017105263157894738 0.018688725490196078 0.03289473684210526
0 0.36106004901960786 0.09572368421052631 0.03155637254901961 0.08355263157894736
1 0.391390931372549 0.20986842105263157 0.045649509803921566 0.125
1 0.6853553921568627 0.36644736842105263 0.0661764705882353 0.1763157894736842
1 0.34589460784313725 0.5667763157894736 0.08639705882352941 0.2506578947368421
1 0.1723345588235294 0.44342105263157894 0.07996323529411764 0.2013157894736842
