1 0.4673859126984127 0.7633547008547009 0.12375992063492063 0.34722222222222227
0 0.587673611111111 0.05502136752136753 0.02901785714285714 0.08760683760683761
0 0.5695684523809523 0.08092948717948718 0.031001984126984124 0.09668803418803419
0 0.5174851190476191 0.3108974358974359 0.06374007936507936 0.17521367521367523
1 0.41096230158730157 0.249465811965812 0.047619047619047616 0.15170940170940173
0 0.37760416666666663 0.09428418803418805 0.04141865079365079 0.1030982905982906
0 0.31212797619047616 0.06169871794871795 0.03794642857142857 0.08920940170940171
0 0.26860119047619047 0.021634615384615388 0.03125 0.042200854700854704
1 0.031746031746031744 0.19604700854700857 0.06101190476190476 0.14636752136752137
1 0.09102182539682539 0.09268162393162394 0.04811507936507936 0.10630341880341881
