3 0.6069240196078431 0.2667483660130719 0.024509803921568627 0.05555555555555556
0 0.5974264705882353 0.3901143790849673 0.025735294117647058 0.03594771241830066
0 0.7097120098039216 0.2645016339869281 0.011948529411764705 0.02165032679738562
0 0.7889093137254902 0.32250816993464054 0.01838235294117647 0.026552287581699346
0 0.8102022058823529 0.3533496732026144 0.022365196078431373 0.035130718954248366
1 0.720281862745098 0.31638071895424835 0.015931372549019607 0.023284313725490197
1 0.8584558823529411 0.409109477124183 0.03370098039215686 0.054330065359477125
2 0.8435968137254902 0.4681372549019608 0.049938725490196074 0.07189542483660132
2 0.9837622549019608 0.2973856209150327 0.015931372549019607 0.02696078431372549
0 0.9741115196078431 0.31352124183006536 0.01807598039215686 0.030637254901960786
