1 0.4569546568627451 0.4276960784313726 0.03216911764705882 0.05065359477124183
2 0.4973958333333333 0.4660947712418301 0.036458333333333336 0.06290849673202614
1 0.6708026960784313 0.3901143790849673 0.026041666666666668 0.040032679738562095
1 0.6954656862745098 0.4019607843137255 0.028186274509803922 0.04738562091503268
2 0.649203431372549 0.4360702614379085 0.03308823529411765 0.0559640522875817
1 0.7403492647058824 0.4309640522875817 0.03462009803921569 0.056372549019607844
0 0.7571997549019608 0.38929738562091504 0.02665441176470588 0.03839869281045752
0 0.780484068627451 0.37030228758169936 0.02420343137254902 0.034722222222222224
1 0.7028186274509803 0.5727124183006536 0.061274509803921566 0.10620915032679738
1 0.9160539215686274 0.372140522875817 0.030637254901960783 0.0392156862745098
0 0.9886642156862745 0.35151143790849676 0.018995098039215685 0.034722222222222224
1 0.9013480392156863 0.7404003267973857 0.1053921568627451 0.1678921568627451
