0 0.009650735294117647 0.44138071895424835 0.016237745098039217 0.04861111111111111
1 0.0546875 0.46486928104575165 0.04442401960784314 0.06454248366013073
0 0.06464460784313725 0.5449346405228759 0.06862745098039216 0.09558823529411765
0 0.24846813725490197 0.42851307189542487 0.030637254901960783 0.04656862745098039
0 0.33731617647058826 0.4421977124183007 0.034926470588235295 0.05514705882352941
0 0.37423406862745096 0.4695669934640523 0.033394607843137254 0.060866013071895424
0 0.22794117647058823 0.5833333333333334 0.06924019607843138 0.1053921568627451
0 0.3685661764705882 0.7199754901960784 0.09620098039215687 0.17279411764705882
1 0.5545343137254902 0.5136846405228759 0.042279411764705885 0.07965686274509805
3 0.7080269607843137 0.43014705882352944 0.06311274509803921 0.1454248366013072
2 0.6519607843137255 0.6499183006535948 0.08455882352941177 0.14133986928104575
