3 0.6783088235294118 0.28839869281045755 0.03982843137254902 0.10375816993464053
2 0.6366421568627451 0.3831699346405229 0.044730392156862746 0.06781045751633988
0 0.7239583333333334 0.36356209150326796 0.04105392156862745 0.06045751633986928
1 0.7503063725490196 0.2881944444444445 0.018995098039215685 0.034722222222222224
1 0.8322610294117647 0.30290032679738566 0.029105392156862746 0.04125816993464052
1 0.8655024509803921 0.28145424836601307 0.02389705882352941 0.035130718954248366
3 0.9512867647058824 0.2943218954248366 0.061274509803921566 0.122140522875817
0 0.9352022058823529 0.38623366013071897 0.05422794117647059 0.06985294117647059
1 0.8553921568627451 0.4693627450980392 0.06433823529411764 0.10212418300653595
3 0.7938112745098039 0.5872140522875817 0.18566176470588236 0.43014705882352944
