1 0.5215992647058824 0.4869281045751634 0.05238970588235294 0.08660130718954248
1 0.5782781862745098 0.3831699346405229 0.03400735294117647 0.05555555555555556
1 0.6706495098039216 0.39665032679738566 0.03799019607843137 0.06127450980392157
0 0.5916053921568627 0.3443627450980392 0.025735294117647058 0.0392156862745098
0 0.6481311274509803 0.3700980392156863 0.03155637254901961 0.04493464052287582
0 0.6980698529411765 0.31004901960784315 0.019301470588235295 0.03349673202614379
1 0.7225796568627451 0.3372140522875817 0.021752450980392156 0.04044117647058824
0 0.9442401960784313 0.3047385620915033 0.025122549019607844 0.03431372549019608
2 0.8878676470588235 0.3257761437908497 0.028799019607843136 0.03880718954248366
1 0.8409926470588235 0.4276960784313726 0.049019607843137254 0.07189542483660132
2 0.789828431372549 0.4520016339869281 0.055759803921568624 0.07802287581699346
2 0.8091299019607843 0.5492238562091504 0.07352941176470588 0.1090686274509804
